coordinate: [0. 0. 0.]
coordinate2: [0.01802879 0.0464698  0.00393956]
sk-value 	 analytic
