coordinate1: [0. 0. 0.]
coordinate2: [0.01532663 0.01101996 0.19910714]
sk-value 	 analytic
