coordinate: [0. 0. 0.]
coordinate2: [0.17371082 0.09732719 0.01876081]
sk-value 	 analytic
