#	REAL	NALLORB	NKPOINT
	T	8	1
#IKPOINT
	1
#MATRIX
-5.048917200000000438e-01	+0.000000000000000000e+00	+0.000000000000000000e+00	+0.000000000000000000e+00	-2.802042096315600084e-01	+1.440058975789000606e-01	+6.395146526956277304e-17	+2.494255311962148558e-01
+0.000000000000000000e+00	-1.943551099999999976e-01	+0.000000000000000000e+00	+0.000000000000000000e+00	-1.440058975789000606e-01	-2.638689477804012640e-02	+3.772578112052881433e-17	+1.623755158607578797e-01
+0.000000000000000000e+00	+0.000000000000000000e+00	-1.943551099999999976e-01	+0.000000000000000000e+00	-6.395146526956277304e-17	+3.772578112052881433e-17	-1.201344425700529850e-01	+6.787002772717208497e-17
+0.000000000000000000e+00	+0.000000000000000000e+00	+0.000000000000000000e+00	-1.943551099999999976e-01	-2.494255311962148558e-01	+1.623755158607578797e-01	+6.787002772717208497e-17	+1.611082008059856463e-01
-2.802042096315600084e-01	-1.440058975789000328e-01	+6.395146526956277304e-17	-2.494255311962148558e-01	-5.048917200000000438e-01	+0.000000000000000000e+00	+0.000000000000000000e+00	+0.000000000000000000e+00
+1.440058975789000328e-01	-2.638689477804015415e-02	-3.772578112052880817e-17	+1.623755158607578242e-01	+0.000000000000000000e+00	-1.943551099999999976e-01	+0.000000000000000000e+00	+0.000000000000000000e+00
-6.395146526956277304e-17	-3.772578112052880817e-17	-1.201344425700529850e-01	-6.787002772717208497e-17	+0.000000000000000000e+00	+0.000000000000000000e+00	-1.943551099999999976e-01	+0.000000000000000000e+00
+2.494255311962148558e-01	+1.623755158607578242e-01	-6.787002772717208497e-17	+1.611082008059856463e-01	+0.000000000000000000e+00	+0.000000000000000000e+00	+0.000000000000000000e+00	-1.943551099999999976e-01
