#	REAL	NALLORB	NKPOINT
	T	8	1
#IKPOINT
	1
#MATRIX
+1.000000000000000000e+00	+0.000000000000000000e+00	+0.000000000000000000e+00	+0.000000000000000000e+00	+2.714021147453534177e-01	-1.616009901706166596e-01	-7.176525603585688789e-17	-2.799011255289467481e-01
+0.000000000000000000e+00	+1.000000000000000000e+00	+0.000000000000000000e+00	+0.000000000000000000e+00	+1.616009901706166596e-01	+2.935048954392092957e-02	-4.895382422617035320e-17	-2.100329850422037459e-01
+0.000000000000000000e+00	+0.000000000000000000e+00	+1.000000000000000000e+00	+0.000000000000000000e+00	+7.176525603585688789e-17	-4.895382422617035320e-17	+1.506130899967378367e-01	-8.795869483367050656e-17
+0.000000000000000000e+00	+0.000000000000000000e+00	+0.000000000000000000e+00	+1.000000000000000000e+00	+2.799011255289467481e-01	-2.100329850422037459e-01	-8.795869483367050656e-17	-2.131747113617130096e-01
+2.714021147453534177e-01	+1.616009901706166318e-01	-7.176525603585688789e-17	+2.799011255289467481e-01	+1.000000000000000000e+00	+0.000000000000000000e+00	+0.000000000000000000e+00	+0.000000000000000000e+00
-1.616009901706166318e-01	+2.935048954392097120e-02	+4.895382422617034703e-17	-2.100329850422036904e-01	+0.000000000000000000e+00	+1.000000000000000000e+00	+0.000000000000000000e+00	+0.000000000000000000e+00
+7.176525603585688789e-17	+4.895382422617034703e-17	+1.506130899967378367e-01	+8.795869483367050656e-17	+0.000000000000000000e+00	+0.000000000000000000e+00	+1.000000000000000000e+00	+0.000000000000000000e+00
-2.799011255289467481e-01	-2.100329850422036904e-01	+8.795869483367050656e-17	-2.131747113617130374e-01	+0.000000000000000000e+00	+0.000000000000000000e+00	+0.000000000000000000e+00	+1.000000000000000000e+00
