[[0.71108439 0.98522851 0.98522911]
 [0.90369486 0.9950765  0.99507641]
 [0.6511918  0.8268961  0.82689505]]
[[-6.96857407e-07  2.45379191e-05  1.53153523e-05]
 [-1.84842991e-07  1.63457320e-05 -1.13415102e-05]
 [ 3.05486415e-04  4.81499835e-03  2.02669412e-03]]
[[0.04864114 0.69447665 0.60663809 0.3042509  0.05086885 0.91069191
  0.75999852 0.52660632 0.0508675  0.91069362 0.76000026 0.52660268]
 [0.05152149 0.41728604 0.65489106 0.69447665 0.05113201 0.48893419
  0.83099701 0.91069191 0.0511297  0.4889317  0.83099345 0.91069362]
 [0.04439665 0.65489106 0.32999395 0.60663809 0.04685942 0.83099701
  0.31893865 0.75999852 0.04685573 0.83099345 0.31894332 0.76000026]]
[[ 2.75570094e-06  1.16230815e-06 -2.33166767e-06  1.26675303e-06
   2.23690014e-05 -4.04214806e-06  1.72433571e-05  4.74677369e-06
   1.64668013e-05  9.08881552e-06  2.65973085e-05  7.33367088e-06]
 [ 3.14043803e-06  2.72831146e-06 -1.98948740e-06  1.16230815e-06
   1.88703918e-05  1.15336915e-05  1.41370480e-05  9.24194005e-06
  -1.36270310e-05 -1.43318580e-05 -3.46312527e-06 -1.10490395e-07]
 [ 3.07719686e-04  9.02633327e-04 -5.18663771e-05  7.55537287e-04
   4.81423583e-03  7.95909249e-04  1.74611577e-03  3.40883352e-03
   2.03459177e-03  6.00958278e-06  7.95664694e-04  9.06462267e-04]]
[[0.04284762 0.55349379 0.38186901 0.27145662 0.48446444 0.81500691
  0.53097661 0.43728305 0.42498346 0.04696999 0.04155133 0.03912053
  0.10415093 0.57345747 0.7904026  0.4910849  0.54838852 0.53879061
  0.046969   0.04155382 0.03911996 0.10415121 0.5734589  0.79040401
  0.49109185 0.54838258 0.53878862]
 [0.04423102 0.34041862 0.47636255 0.55349379 0.55962616 0.4139389
  0.60186704 0.81500691 0.54398058 0.0464416  0.10447437 0.03968462
  0.04155133 0.56928681 0.55256105 0.53406898 0.7904026  0.5454006
  0.04643951 0.10447226 0.03968485 0.04155382 0.56928854 0.55255035
  0.53406901 0.79040401 0.54540278]
 [0.03943887 0.47636255 0.26493816 0.38186901 0.81500691 0.42649549
  0.25785768 0.54152811 0.63625822 0.04084679 0.03968462 0.09553961
  0.03912053 0.7904026  0.34331643 0.43310915 0.33186465 0.83072203
  0.04084442 0.03968485 0.09553841 0.03911996 0.79040401 0.34331079
  0.43310572 0.33187242 0.83071588]]
[[ 2.75036719e-06  1.71735752e-06 -2.50740985e-06  1.99617154e-06
  -1.85241302e-06  1.40523009e-06  5.45898167e-06 -5.61627839e-06
   7.60844530e-06  2.26066447e-05 -7.96837727e-06  1.83663039e-05
   6.96308933e-06 -3.03374583e-06  2.75559679e-05 -3.66181410e-06
   1.80348658e-06 -8.77276039e-07  1.63285623e-05  4.45478121e-06
   3.54210189e-05  5.17571669e-06 -8.44075176e-06  3.06740924e-05
  -1.88736259e-05  2.31734950e-05  2.92661870e-06]
 [ 3.15499258e-06  3.75810734e-06 -1.97524984e-06  1.71735752e-06
   6.73894545e-07 -2.26332403e-06  1.99871448e-06  1.40523009e-06
   1.56110269e-06  1.91406987e-05  1.54349327e-05  2.60221462e-05
   5.31571084e-06  3.06706159e-06  3.38831162e-05 -2.43055531e-05
  -3.30126108e-06  1.08728728e-05 -1.36443756e-05 -1.63339212e-05
  -4.38749065e-06 -4.74452470e-06 -4.04796721e-06  2.35110825e-06
  -4.93367907e-06  1.53269092e-06 -1.23035111e-05]
 [ 3.07688218e-04  9.02647565e-04 -5.25923626e-05  7.55361545e-04
  -4.43150214e-04  6.69474554e-05  2.15716733e-04 -2.19209842e-04
   2.87106204e-03  4.81504554e-03  8.07794346e-04  1.74414908e-03
   3.40995647e-03  2.78693650e-04  3.03243193e-03 -4.39405835e-04
   2.19028435e-04  1.33589403e-03  2.03412342e-03  5.08521702e-06
   8.00787838e-04  9.15285977e-04 -2.18733710e-03  8.41410657e-04
  -4.40897109e-04  1.21988080e-03 -1.86589035e-03]]