3.629389784340779634e-01 3.629933148421891631e-01
-6.237816943320854124e-01 -6.239332627352509597e-01
2.449489574013673232e-01 2.450251892734482129e-01
-5.326146901541070622e-02 -5.327804281451926915e-02
1.181970659657158723e-01 1.182257695492683752e-01
-5.435871111220325069e-01 -5.437191388891294830e-01
-2.244667797170740720e-01 -2.244619597921709009e-01
-4.641407521774900541e-02 -4.642850973165777578e-02
-5.921534971492730115e-01 -5.922084026902534326e-01
3.453250777095173141e-01 3.448309311630313179e-01
1.219172828512322393e-01 1.219025102327925270e-01
-7.036172446294031158e-02 -7.070356564427443535e-02
-4.243859899980972905e-01 -4.242053652670824682e-01
1.244132922168016478e-02 1.242536341472156788e-02
-6.108590353978453624e-01 -6.106256795292850370e-01
1.636002887868512889e-01 1.635381357224315602e-01
-1.040013248913467664e-01 -1.040168958541660693e-01
2.449489574013673232e-01 2.450251892734484904e-01
1.608388585729283449e-01 1.609314699691167527e-01
1.526224426806294457e-02 1.526699364466518535e-02
-4.641407521774899153e-02 -4.642850973165779660e-02
-4.891278866073244247e-01 -4.894092768684711325e-01
4.130323331275806975e-01 4.132035677071845825e-01
-3.047650973051541784e-02 -3.049404161974784977e-02
3.710116714046629571e-01 3.711270653906073025e-01
-5.409348027242851797e-01 -5.409333261555198114e-01
1.096760974159884661e-01 1.097261713159003171e-01
-1.202854730665762872e+00 -1.203144509563635056e+00
-5.398433447494335180e-01 -5.401047950687214438e-01
-7.494729887065632035e-02 -7.496535207497649622e-02
-8.766976832899604499e-01 -8.770979769193438802e-01
-1.021725973367240276e-01 -1.021723152432673642e-01
2.261394946125705463e-02 2.261733435319165583e-02
-5.326146901541070622e-02 -5.327804281451931079e-02
1.526224426806294457e-02 1.526699364466518362e-02
2.277111577033944789e-01 2.278245814768048716e-01
-6.924935166752537175e-01 -6.928381608321991791e-01
-4.641407521774901235e-02 -4.642850973165783129e-02
-1.398604369845885854e-02 -1.398574295066393365e-02
1.984362316872936016e-01 1.985349918920842061e-01
-1.244490374136220517e-01 -1.244957937968681899e-01
3.105772319659849678e-01 3.106380727740142289e-01
-7.141552153897328115e-01 -7.143849544182471201e-01
1.244132922168016478e-02 1.242536341472236065e-02
-2.644258098507229482e-02 -2.643132583539376662e-02
-2.692616627844990895e-01 -2.693482642214926615e-01
-1.283534463185896923e-01 -1.283675279519999601e-01
-1.520187683309512705e+00 -1.520676726615581176e+00
1.086117441846483400e+00 1.086221706682470645e+00
-1.469398243992507513e+00 -1.469755125263928930e+00
7.329570614470369838e-01 7.332137215488653270e-01
-1.593734883872991448e-01 -1.594292903709495224e-01
2.783637081189820894e-01 2.784960205063484739e-01
-1.280191878718075493e+00 -1.280800429813723662e+00
-2.326089516482910402e-01 -2.325287867016900822e-01
-1.388551036177298470e-01 -1.389327379248571637e-01
-1.011291217875644355e+00 -1.011492551733018219e+00
3.534685994414383803e-01 3.524639350967824769e-01
2.870584135989170393e-01 2.871570565283527721e-01
-5.216823228920022260e-01 -5.227339181472432372e-01
-6.620290946312504810e-01 -6.618859651279982437e-01
-1.669699160042514147e-02 -1.674616483959885313e-02
-1.043043027752938112e+00 -1.042949279231745408e+00
2.805337631880541194e-01 2.805101221711832626e-01
-2.450281080557692448e-01 -2.450251892734483239e-01
4.210607657176627105e-01 4.211630339863669525e-01
3.788768317991704770e-01 3.790947957582003758e-01
3.595218806958796337e-02 3.596336899598791270e-02
-7.975552008364658607e-02 -7.980392579241429862e-02
-8.405946793940842765e-01 -8.412241064610210817e-01
6.989581048082190717e-01 6.994077096704122143e-01
-7.178289819184384413e-02 -7.183264082468646117e-02
3.995213838504762527e-01 3.997483425323982154e-01
-2.326695100145303452e-01 -2.327653450375350430e-01
1.884625061285811476e-01 1.886034956493352344e-01
-1.527075534132316337e+00 -1.528121954537020599e+00
-4.032560086209375783e-01 -4.036710790728481602e-01
-1.428559319333548572e-01 -1.429498865044493416e-01
-9.439174684558380157e-01 -9.447396733057035201e-01
-1.103276756008425424e-01 -1.103903598782154799e-01
5.327867945864631083e-02 5.327804281451926915e-02
-9.155505361114560370e-02 -9.157728731137461387e-02
3.595218806958794949e-02 3.596336899598790576e-02
5.364031714879664570e-01 5.366701317040164509e-01
-1.190047545084355063e+00 -1.190889078559090208e+00
-7.975552008364659995e-02 -7.980392579241420148e-02
2.659916176900780152e-02 2.662144468208186426e-02
4.673602376257439683e-01 4.676747327084564421e-01
-1.899747326237895828e-01 -1.900933835521268767e-01
3.821279084878657639e-01 3.823825169649167077e-01
-1.227057887139255676e+00 -1.227924915512370596e+00
-9.596588740813716267e-02 -9.604016560677719472e-02
2.011966390808422878e-02 2.014003957245602203e-02
-1.323402584058933629e-01 -1.324755715117766908e-01
-1.958828917316853546e-01 -1.960051579447954773e-01
-1.636597657995263244e+00 -1.637877534051680462e+00
-2.450281080557692448e-01 -2.450251892734483239e-01
4.210607657176629326e-01 4.211630339863669525e-01
3.788768317991704770e-01 3.790947957582003758e-01
3.595218806958797031e-02 3.596336899598791270e-02
-7.975552008364657219e-02 -7.980392579241429862e-02
-8.405946793940842765e-01 -8.412241064610210817e-01
6.989581048082190717e-01 6.994077096704122143e-01
-7.178289819184384413e-02 -7.183264082468646117e-02
3.995213838504763637e-01 3.997483425323982154e-01
-2.326695100145303452e-01 -2.327653450375350430e-01
1.884625061285811476e-01 1.886034956493352344e-01
-1.527075534132316115e+00 -1.528121954537020599e+00
-4.032560086209375783e-01 -4.036710790728481602e-01
-1.428559319333548294e-01 -1.429498865044493416e-01
-9.439174684558380157e-01 -9.447396733057035201e-01
-1.103276756008425424e-01 -1.103903598782154799e-01
3.012433535483063918e-01 3.013569739781034040e-01
-7.095643305384705668e-01 -7.098851487683672801e-01
-1.085683677398312785e-01 -1.086308267312863091e-01
-4.421143184878990190e-02 -4.423141998920712692e-02
1.344600751178576525e-01 1.345123317144723551e-01
3.299604550222891564e-01 3.303576010732115487e-01
-3.203087010672037716e-01 -3.204223914752135638e-01
2.055912838648914914e-02 2.058387307446554737e-02
-1.074808815486129054e+00 -1.075226562656625973e+00
1.567005804895714949e+00 1.567187993407218594e+00
-7.393990235346135920e-02 -7.406658689187634037e-02
3.025990947151813160e-02 3.000351968957756799e-02
1.006113732321764154e+00 1.007179360077128827e+00
1.885430069935079000e-03 1.869454915131830985e-03
5.910398220142691894e-01 5.920524952352180792e-01
2.959784660213935492e-01 2.960128688056278823e-01
-1.526717597560836234e-02 -1.526699364466518535e-02
3.595218806958797031e-02 3.596336899598796127e-02
2.360700292736359063e-02 2.362058307036785446e-02
-1.537080441218069138e-01 -1.537845434474933159e-01
4.673602376257439683e-01 4.676747327084568306e-01
-7.178289819184385800e-02 -7.183264082468661382e-02
4.355058066748820900e-02 4.357859324680109225e-02
3.070008683565865759e-01 3.071667138605549408e-01
8.398241358900247755e-02 8.403627337348541781e-02
-2.095477471214709508e-01 -2.096847227340331854e-01
-1.104676372694342046e+00 -1.105272560714898100e+00
-1.428559319333548017e-01 -1.429498865044493972e-01
-2.512601715651348322e-02 -2.515187853548602262e-02
7.567669351191997906e-01 7.572226401072458257e-01
-1.984790487208971110e-01 -1.986059553111490794e-01
1.025786778839949509e+00 1.026476487382969038e+00
5.327867945864631083e-02 5.327804281451926915e-02
-9.155505361114560370e-02 -9.157728731137461387e-02
3.595218806958794949e-02 3.596336899598790576e-02
5.364031714879664570e-01 5.366701317040164509e-01
-1.190047545084355063e+00 -1.190889078559090208e+00
-7.975552008364659995e-02 -7.980392579241420148e-02
2.659916176900780152e-02 2.662144468208186426e-02
4.673602376257439683e-01 4.676747327084564421e-01
-1.899747326237895551e-01 -1.900933835521268767e-01
3.821279084878658194e-01 3.823825169649167077e-01
-1.227057887139255454e+00 -1.227924915512370596e+00
-9.596588740813716267e-02 -9.604016560677719472e-02
2.011966390808422531e-02 2.014003957245602203e-02
-1.323402584058933629e-01 -1.324755715117766908e-01
-1.958828917316853546e-01 -1.960051579447954773e-01
-1.636597657995263466e+00 -1.637877534051680462e+00
-1.526717597560836234e-02 -1.526699364466518535e-02
3.595218806958796337e-02 3.596336899598796127e-02
2.360700292736359063e-02 2.362058307036785446e-02
-1.537080441218068860e-01 -1.537845434474933159e-01
4.673602376257439683e-01 4.676747327084568306e-01
-7.178289819184385800e-02 -7.183264082468661382e-02
4.355058066748820900e-02 4.357859324680109225e-02
3.070008683565865204e-01 3.071667138605549408e-01
8.398241358900246367e-02 8.403627337348541781e-02
-2.095477471214709508e-01 -2.096847227340331854e-01
-1.104676372694341824e+00 -1.105272560714898100e+00
-1.428559319333548294e-01 -1.429498865044493972e-01
-2.512601715651346934e-02 -2.515187853548602262e-02
7.567669351191995686e-01 7.572226401072458257e-01
-1.984790487208970833e-01 -1.986059553111490794e-01
1.025786778839949731e+00 1.026476487382969038e+00
2.343494458905222289e-01 2.344638624704150354e-01
-5.520379908496746424e-01 -5.523098128225508718e-01
1.581882516075671652e-01 1.582661441150047810e-01
3.342213135448642708e-02 3.343876404830811722e-02
-1.015857571285970068e-01 -1.016907465979058067e-01
-4.811491110171224328e-01 -4.813037447489291742e-01
-6.578506232569406587e-01 -6.581267091171325578e-01
2.910972356027514626e-02 2.913980882211372400e-02
-4.017862323749129549e-01 -4.018033483609301237e-01
-6.954848043757936304e-01 -6.966276294797016932e-01
-1.047073698644537115e-01 -1.048532593612384600e-01
1.139873253671581654e+00 1.140140897613135085e+00
-9.836828214207431476e-01 -9.838654482764600528e-01
5.521514285101085384e-02 5.521546858547966147e-02
-4.145830307414172244e-01 -4.142991580589950873e-01
-3.451343098960899525e-01 -3.455162879538360987e-01
2.058549024715135567e-01 2.058223288347846569e-01
-2.784931618351255134e-01 -2.784960205063491401e-01
1.389131802753919565e-01 1.389327379248571637e-01
2.072469076193764970e+00 2.073249888475429792e+00
-3.619059923003305368e+00 -3.621617095028157873e+00
-2.425448811045459729e-01 -2.426920081002547358e-01
1.859175101150765952e-01 1.860557258894064703e-01
1.805530194077868522e+00 1.806708684069900706e+00
-5.898820810381592006e-01 -5.902355277539267364e-01
1.074668522646839097e+00 1.075734190652650080e+00
-3.730661321603764513e+00 -3.734246913080534469e+00
-3.591999514936641269e-01 -3.595592212705940871e-01
1.928096209563250063e-01 1.929176703324241293e-01
1.895870405467927344e-01 1.895121176875236846e-01
-6.079700832111497588e-01 -6.085914495299290516e-01
-3.607241217320444893e+00 -3.611327551321827478e+00
-4.644405260453488005e-02 -4.642850973165778966e-02
7.981359674130392157e-02 7.980392579241447903e-02
7.179985976229034950e-02 7.183264082468646117e-02
-4.675243332101607918e-01 -4.676747327084563310e-01
1.037053194113962462e+00 1.037785966832433182e+00
-1.592798889113962724e-01 -1.593990468047066233e-01
8.056807727096285121e-02 8.061836601396098201e-02
9.336219364811706445e-01 9.341258073228783099e-01
1.655512593755691375e-01 1.656545931857790477e-01
-3.327834732455774991e-01 -3.332226461833014963e-01
-2.450924571823306586e+00 -2.452636999206711632e+00
-2.146282263471837037e-01 -2.149059010188023588e-01
8.808670645293295576e-02 8.809978795764135395e-02
1.863775577880549816e+00 1.865322861994982873e+00
-3.911584994149485128e-01 -3.914974737768641133e-01
1.425465216290831005e+00 1.427308681246422628e+00
7.126844999327640595e-01 7.130289023362248457e-01
-1.224744102529433443e+00 -1.225594057159391959e+00
4.809850154327829364e-01 4.813037447489290077e-01
1.016946574149601018e-01 1.016907465979055847e-01
-2.254958631039479522e-01 -2.256551880937462673e-01
-1.067278096972659185e+00 -1.068029203099401636e+00
-1.203433498818449188e+00 -1.204240973722854990e+00
8.855763764659228821e-02 8.861717827130363712e-02
1.589862704581003483e-01 1.588489123973399753e-01
-3.570784230380305679e+00 -3.574187734761278712e+00
-2.322332968312513790e-01 -2.326729103185706526e-01
9.581402778823735478e-01 9.588597270894195779e-01
-1.888210540869528442e+00 -1.889231361008993026e+00
2.629146438538249031e-01 2.630389450229478898e-01
1.630960812932877591e-01 1.637890050774029327e-01
-6.813292232821437366e-01 -6.823411060175107457e-01
-9.467246147823620284e-01 -9.465748442565057319e-01
1.280787235049533512e+00 1.280800429813723440e+00
1.463813915040367064e+00 1.464509009532088957e+00
1.389131802753919565e-01 1.389327379248571359e-01
-2.425448811045460284e-01 -2.426920081002541807e-01
-2.556337196456020422e+00 -2.558249680478409172e+00
2.317805691100464749e+00 2.319240112515131180e+00
-2.773188441951660588e-01 -2.775019621565461003e-01
8.810225981213394286e-01 8.814530208087481000e-01
-3.067205528702721673e-01 -3.071504577911958744e-01
5.730688004885685638e-01 5.735627745047054971e-01
-4.332666149503385356e+00 -4.336786202205616725e+00
-3.454095884468407762e-01 -3.460274484138881612e-01
-5.047930332809229537e-01 -5.052454611477623647e-01
-2.080975811351474913e+00 -2.083169710317653855e+00
-2.441249820998690478e-01 -2.444471727760990920e-01
9.161814774448235887e-01 9.164577862999534474e-01
-1.574451434047609899e+00 -1.575259029257461529e+00
-3.303751968446534404e-01 -3.303576010732111601e-01
-1.344431135474111749e-01 -1.345123317144724107e-01
2.982839115122295492e-01 2.984873897521656549e-01
7.325265984037774292e-01 7.330746316883650637e-01
5.035477576658597965e-02 5.019325775528425682e-02
6.255438157245404862e-02 6.259769104488861757e-02
-1.494072209786573735e+00 -1.495162526598307062e+00
8.700123122460290404e-01 8.706027877092078482e-01
-1.640154673994546619e-01 -1.643562482890902343e-01
-1.952089968757817040e+00 -1.952825756690027115e+00
2.303236810211250596e+00 2.305992447351235430e+00
-1.201028200519657224e-01 -1.201395587717683788e-01
8.211323351647334956e-01 8.232820276199038778e-01
4.126425528748310922e-01 4.128885897112427594e-01
-4.644405260453488005e-02 -4.642850973165778966e-02
7.981359674130392157e-02 7.980392579241447903e-02
7.179985976230721101e-02 7.183264082468646117e-02
-4.675243332100834093e-01 -4.676747327084563310e-01
1.037053194114058829e+00 1.037785966832433182e+00
-1.592798889113753447e-01 -1.593990468047066233e-01
8.056807727095245675e-02 8.061836601396098201e-02
9.336219364811444432e-01 9.341258073228783099e-01
1.655512593755751605e-01 1.656545931857790477e-01
-3.327834732455932643e-01 -3.332226461833014963e-01
-2.450924571823251519e+00 -2.452636999206711632e+00
-2.146282263471633589e-01 -2.149059010188023588e-01
8.808670645294471024e-02 8.809978795764135395e-02
1.863775577880573797e+00 1.865322861994982873e+00
-3.911584994149225336e-01 -3.914974737768641133e-01
1.425465216290957349e+00 1.427308681246422628e+00
-1.036149887392123548e+00 -1.036139687157290989e+00
8.249116131932043849e-01 8.249693001451960939e-01
-1.246944178133127634e+00 -1.247300689085595993e+00
9.249100042118860165e-02 9.251188075932706423e-02
-2.413571751488678002e-02 -2.413858198272286065e-02
1.933404276840721803e+00 1.934702531415459781e+00
2.193341132036638330e-01 2.193065761726297747e-01
1.843156995529134923e-01 1.844356698679578965e-01
-4.193149655509404994e-01 -4.197032859833451646e-01
1.895235302927253951e+00 1.897308493352166003e+00
-2.971613625712277718e-01 -2.974715749038668311e-01
-3.762804762932657199e-01 -3.756660769878311656e-01
2.082928773453459836e+00 2.084909370991551381e+00
-6.930149176074128226e-02 -6.928356010074128435e-02
9.312727705313242899e-01 9.326447567188512755e-01
2.971728682319338399e-01 2.975158534620604978e-01
-5.179859591606855718e-02 -5.197413216967803479e-02
3.959222051705129086e-01 3.963782491599527336e-01
2.372958207952911291e-01 2.374131291592824766e-01
2.466906359009785055e-02 2.469747795625628142e-02
-1.269271672929592198e-01 -1.270162416940341932e-01
-1.268552586772684343e+00 -1.269174133906383783e+00
-6.285089153407902307e-02 -6.284300112743830546e-02
-7.904079140244482660e-02 -7.907951624801332069e-02
1.014594393254484750e+00 1.015306442298068657e+00
-2.083649774241318919e+00 -2.084633739007387909e+00
4.070197861293112229e-01 4.072280154472203706e-01
6.558251515672802734e-02 6.685202142230815825e-02
-1.841061946934206439e+00 -1.842263274215618418e+00
4.086305884518678933e-03 4.165405969820167378e-03
-3.253519335204970719e+00 -3.255183920209147264e+00
-3.935629733974157496e-01 -3.937488138552780459e-01
-6.456027756751019087e-02 -6.455964003424159714e-02
9.249100042118860165e-02 9.251188075932720301e-02
-7.769441779710370422e-02 -7.771662884832958307e-02
-6.537450440887323522e-01 -6.540212174661781397e-01
1.213513775391103833e+00 1.214329683435988017e+00
1.843156995529135200e-01 1.844356698679578965e-01
1.366623825447889351e-02 1.366452206258741107e-02
-1.013256857154940960e+00 -1.013876663008829837e+00
1.258737749312195675e-01 1.259516691725535431e-01
-6.057057693912234336e-02 -6.058418260366025404e-02
2.847328741052518986e+00 2.849507827373050528e+00
-6.930149176074128226e-02 -6.928356010164547774e-02
1.297828252493145318e-01 1.299062280539086400e-01
7.316447454574336318e-01 7.319725049480915180e-01
4.165467013112392203e-01 4.169071986617667314e-01
9.643927927375900433e-01 9.651701058967905311e-01
-4.644405260453488005e-02 -4.642850973165778966e-02
7.981359674130875104e-02 7.980392579241447903e-02
7.179985976230722489e-02 7.183264082468646117e-02
-4.675243332101610694e-01 -4.676747327084563310e-01
1.037053194113963794e+00 1.037785966832433182e+00
-1.592798889113769822e-01 -1.593990468047066233e-01
8.056807727095240124e-02 8.061836601396098201e-02
9.336219364811716437e-01 9.341258073228783099e-01
1.655512593755631978e-01 1.656545931857790477e-01
-3.327834732455697275e-01 -3.332226461833014963e-01
-2.450924571823308806e+00 -2.452636999206711632e+00
-2.146282263471619156e-01 -2.149059010188023588e-01
8.808670645294472412e-02 8.809978795764135395e-02
1.863775577880551593e+00 1.865322861994982873e+00
-3.911584994149297501e-01 -3.914974737768641133e-01
1.425465216290833226e+00 1.427308681246422628e+00
5.708530320349770870e-02 5.710251766576834864e-02
-1.344431135474111749e-01 -1.345123317144726049e-01
-2.058497006006988067e-02 -2.058387307446554737e-02
5.748950317416097189e-01 5.751940960557849758e-01
-1.748173296496586593e+00 -1.749224851197204389e+00
6.255438157245407638e-02 6.259769104488843716e-02
3.137498097425601290e-03 3.127434160655449998e-03
-2.675323514729706642e-01 -2.676767390529906088e-01
-3.141164053317228588e-01 -3.143174679025046991e-01
7.838432355610287505e-01 7.842752714019622928e-01
9.620578281450739011e-01 9.631764819127571764e-01
-1.201028200519656669e-01 -1.201395587717684205e-01
1.435097465919730753e-01 1.436814400296919092e-01
-3.200224541765948894e-02 -3.215063091113497251e-02
1.727962326669664206e-01 1.730727714798117323e-01
-3.837211056675472243e+00 -3.839288409919768164e+00
-2.042220225072826079e-01 -2.043207134752921261e-01
4.809850154327830474e-01 4.813037447489287857e-01
3.159472021063874925e-01 3.161181892105126012e-01
-2.914092928557825840e-02 -2.913980882211373788e-02
8.855763764659232984e-02 8.861717827130362324e-02
-9.608254673003442381e-01 -9.613481714681231249e-01
1.029761197273068030e+00 1.030391611097641213e+00
5.817198080679829297e-02 5.820337413473260224e-02
3.498769577203962866e-01 3.501466961640013476e-01
6.061810708100806577e-01 6.070677706243725602e-01
-2.092481983412840252e-01 -2.094321730490209532e-01
-2.793178254376139868e+00 -2.794435786625838691e+00
-1.753654653605068336e+00 -1.754481691516975861e+00
6.079694910893290727e-02 6.091432480661106152e-02
-8.272301382630743438e-01 -8.275143137491327572e-01
3.006875452102816815e-01 3.010960142353300006e-01
-1.998161226731988371e+00 -1.998075465858677680e+00
1.778496157322432492e+00 1.778553714634087290e+00
-1.348410458451279936e+00 -1.348726819989783943e+00
3.963368829347612143e-01 3.964383560912861371e-01
-5.655840636290688783e-01 -5.659518282626556651e-01
1.548949743682746405e+00 1.549899247155925419e+00
-8.738904466832739804e-01 -8.745840991131608178e-01
3.452474123323847621e-01 3.454714381657184585e-01
9.267836555364257212e-01 9.270640235688796249e-01
-1.158152705658107795e+00 -1.158555814352576707e+00
-5.829164074515590377e-01 -5.835525435705046782e-01
2.258493343804137687e+00 2.261012751756432237e+00
-5.837088869122081247e-01 -5.840548486263871242e-01
2.629837591358813453e-01 2.631758575709773895e-01
9.549755003943281029e-01 9.558950815072847496e-01
-5.792532697482625226e-01 -5.799171214752464332e-01
3.712512961375397103e-01 3.711270653906068029e-01
-3.999011098083363747e-01 -3.997483425323975492e-01
-5.739333564668547272e-01 -5.741954101607881222e-01
-8.402705478048753951e-02 -8.403627337348544557e-02
1.655512593755691653e-01 1.656545931857789089e-01
7.977558645779918578e-01 7.984507545051441335e-01
-6.440222469137812933e-01 -6.444242507087450944e-01
1.677454125009935071e-01 1.678526681456393999e-01
-2.655728202005200878e-01 -2.656531623223722938e-01
4.564508118402392789e-01 4.571091142077958192e-01
-3.911584994149485128e-01 -3.914974737768632806e-01
7.697439475637961603e-01 7.711752077898845759e-01
-7.041225325790201328e-01 -7.042271215515421012e-01
2.827949911949373951e-01 2.830798929771867201e-01
6.268728365443492212e-01 6.278276982842566634e-01
2.724062636550792504e-01 2.727715935057133390e-01
-3.694791837033897103e-02 -3.689923451135212334e-02
-1.614906368467555059e-02 -1.625158898703190496e-02
-2.492747124639945258e-02 -2.490746124104261869e-02
-3.652544128938668422e-01 -3.652578145401706999e-01
-2.309808881550921289e-01 -2.308884650192072896e-01
-1.414489358124627200e-02 -1.416225179416130166e-02
-2.064506310227468278e-01 -2.065959382022984070e-01
-3.180501878410104677e-01 -3.182995301832093338e-01
5.774590218511487655e-02 5.776336954645237137e-02
-1.859139703835687163e-01 -1.865240368461213993e-01
-2.389988956050633773e-01 -2.380689385820251580e-01
3.591308362116076291e-01 3.594223087241198988e-01
-2.740903216460010561e-01 -2.742404175117298393e-01
-1.488835158187455487e+00 -1.489476316912213383e+00
5.928626548185068207e-02 5.955977088635081018e-02
-1.900347154829374885e+00 -1.899684519957810958e+00
-3.431385779386899593e+00 -3.430616885412790307e+00
1.273444610315058290e+00 1.272123368374023622e+00
-2.315813595862750152e+00 -2.315710833513285660e+00
1.081081647760027131e+00 1.081113426688425916e+00
-1.249513631195664720e+00 -1.249995527106821491e+00
1.108423160728556622e+00 1.108576611833168357e+00
-4.207916149492645808e+00 -4.210248855206643270e+00
9.417299745809911693e-01 9.421232950837790110e-01
2.031822643196423694e+00 2.031840346738283287e+00
-6.946777443572961452e+00 -6.952365309602664745e+00
-1.287105405222400245e+00 -1.288869534239598602e+00
4.973662939229535063e+00 4.978928790534592252e+00
-4.747270181300386582e+00 -4.749812325835305771e+00
1.260210801069475917e+00 1.261044642446256692e+00
2.092127118074325942e+00 2.095029193753323860e+00
-1.600686096130482294e+00 -1.602933802663044638e+00
5.412937706966427509e-01 5.409333261555184791e-01
-2.335276728505829014e-01 -2.327653450375354038e-01
-8.367298212634066701e-01 -8.369139899689153062e-01
-2.097396303325345379e-01 -2.096847227340336850e-01
3.332183553024368750e-01 3.332226461833047160e-01
4.644983557100240690e-01 4.649216659423912046e-01
-3.347722086438656985e-01 -3.344936381502183198e-01
4.186273313952642017e-01 4.188208111497602748e-01
-4.576468254072479924e-01 -4.571091142077852720e-01
1.990621291143950700e+00 1.992222525264549127e+00
-7.868489535575956539e-01 -7.875170961284588822e-01
-4.849292541483574137e-01 -4.844595457617084655e-01
-2.942647257787732507e+00 -2.944051539622167368e+00
5.625250829678755116e-01 5.630611471341303575e-01
1.079157322906119321e+00 1.080302453503548143e+00
5.306357472436408207e-01 5.313407006771849739e-01
7.525847722476100565e-02 7.539802258839048421e-02
-2.807584351344616924e-01 -2.811579689466626730e-01
5.075722975177483776e-02 5.089464185751136488e-02
7.866542541245704623e-01 7.878149206190429021e-01
-3.715599036418827161e+00 -3.719098961747897558e+00
-2.446089030800683850e-01 -2.450117310581061969e-01
-4.408448563645536722e-01 -4.411329723106169887e-01
6.855932706823445466e-01 6.865318389424490686e-01
1.284655303250439341e-02 1.226270039197209505e-02
-4.328388058657993143e-01 -4.331869605496894149e-01
-3.832475264708617768e+00 -3.834760399274099285e+00
3.039641824231100742e-01 3.044617458556431733e-01
-6.332553267681682030e-01 -6.338631663685150297e-01
-4.173492928159407533e+00 -4.176317604322058230e+00
1.268141480498455320e-02 1.264406199861431782e-02
-4.145399478267105309e+00 -4.148961678307738765e+00
-2.123202769588750094e-01 -2.122232626827066093e-01
2.873252282441236538e-01 2.871570565283524390e-01
3.282500394201934291e-01 3.283447496169638602e-01
-2.137512173150345696e+00 -2.137726543955289937e+00
3.732563225581085220e+00 3.734246913080536689e+00
-5.731999709442344715e-01 -5.735627745047019443e-01
2.826522405605992883e-01 2.827037098787996139e-01
4.267949551823768672e+00 4.269859785118285345e+00
6.084843985865854288e-01 6.085914495299298288e-01
-1.107794445875383893e+00 -1.109188789244060391e+00
-8.819124623402101903e+00 -8.825280391051581574e+00
-7.028467874091736123e-01 -7.037020542542538060e-01
6.744669797953327661e-01 6.747525483377888600e-01
7.797194818498017099e+00 7.803234498984224388e+00
-1.437121897658947933e+00 -1.438306119202854338e+00
3.718347216918609366e+00 3.723637371592813050e+00
2.054529390180698245e-01 2.054709806621929646e-01
-3.530539754861311552e-01 -3.531750424045925763e-01
-7.412572993798377530e-02 -7.406658689187645139e-02
2.068804682829634700e+00 2.069710755652642842e+00
-4.589535432022847417e+00 -4.592757802370847742e+00
1.644515146396239857e-01 1.643562482890878473e-01
2.408723440003079364e-01 2.409769311796307045e-01
-9.632570378755875851e-01 -9.631764819127575095e-01
-7.325582102952480357e-01 -7.331101495568786985e-01
1.473115164398046240e+00 1.474688381898437761e+00
2.527148362992135855e+00 2.528912334704888298e+00
-7.678574726091247360e-01 -7.681909759661341708e-01
3.469911530209129347e-01 3.472985172312635371e-01
1.820329472550047845e+00 1.820350087042072795e+00
4.033235679239520755e-01 4.036727778143771039e-01
-6.310097617931128333e+00 -6.316604089564286539e+00
-7.349808410037436124e-01 -7.352036141925569757e-01
1.262846500156389995e+00 1.263709195243271743e+00
1.136871623371061180e+00 1.137482496348468874e+00
-1.049317756209008218e-01 -1.048532593612388764e-01
2.327842205933922937e-01 2.326729103185680714e-01
-2.522346120916818535e+00 -2.524111930083367206e+00
2.883455683313569384e+00 2.885657304134328527e+00
2.093904403749494436e-01 2.094321730490219247e-01
-1.647652662162014114e-01 -1.637890050774024886e-01
3.683254190600881994e+00 3.685342532104116220e+00
-5.495007435867542700e-01 -5.498842794167124737e-01
-5.711835851590700841e+00 -5.717046454806613554e+00
-3.704470590800675200e+00 -3.706820658951908598e+00
1.209845203159566340e-01 1.211056958615413653e-01
3.877168827473125856e-01 3.870884621250155200e-01
7.028574293424382224e-01 7.035614483684240472e-01
-2.069571618772952704e+00 -2.069244851712706001e+00
1.901886512267541574e-01 1.896312157058204495e-01
-4.139884010846061280e+00 -4.140201614596528579e+00
1.545801233881684278e-01 1.545792519250624442e-01
2.244849314008978414e-01 2.245769704756347407e-01
4.955328238480125158e+00 4.957568231769537093e+00
6.028681888466032035e-01 6.030067030193804190e-01
6.542515937618675892e-01 6.545449353651351387e-01
-2.794473317317508698e+00 -2.795961880117994625e+00
4.476767872923805847e+00 4.481008977470271049e+00
-8.417404592778685579e-01 -8.428821608546039901e-01
-2.962834888042098935e+00 -2.962460489139273179e+00
6.498118537042147480e+00 6.504760747636038509e+00
-3.618837607944612733e-01 -3.619199254191946546e-01
1.015511442651853891e+00 1.019444489749978588e+00
1.029232369523433333e+00 1.030040026253217667e+00
-6.299747422963238863e-01 -6.304561092177282111e-01
1.622066105811970749e+00 1.623573599765406605e+00
1.593625470176302183e+00 1.594272736237085430e+00
1.260598351742834300e-01 1.261753240097809592e-01
-3.818849960719348791e-01 -3.822919958506914018e-01
-4.613594462161604071e+00 -4.616152759312097231e+00
-2.149956660006214770e-01 -2.135897951922925975e-01
-3.690831110435197626e-01 -3.692834779587736982e-01
2.217687702890994927e+00 2.220267469584082498e+00
-2.223121916047114066e+00 -2.226315891051106277e+00
1.210463887491364909e+00 1.211369631481090448e+00
8.490098118426585572e-01 8.489025322816883268e-01
-2.797741962441091079e+00 -2.801179885074934095e+00
7.829946483239788591e-02 7.830130373117845377e-02
-6.783880384787311257e+00 -6.789475427070313707e+00
-7.148857100355302530e-01 -7.156942501758267738e-01
-1.121251521946534518e-01 -1.120994546396239105e-01
7.531122758044921095e-02 7.528525115788492483e-02
-2.102401651076691025e-01 -2.102311891330068960e-01
-1.136221126319811869e+00 -1.136493452787416203e+00
9.945084312838825547e-01 9.952559994622759421e-01
3.640867868281114084e-01 3.642053752361756880e-01
-8.292838118564026945e-03 -8.304559709469248527e-03
-2.739040216007740280e+00 -2.740262171118044598e+00
4.429131911968257895e-02 4.433307322400597411e-02
2.848718960141342627e-01 2.849666725552639779e-01
5.615595932456672656e+00 5.620682111805743730e+00
-1.846078883819940453e-01 -1.845845547330356717e-01
7.295558404538857178e-02 7.314019635849461354e-02
1.405555071650635313e+00 1.406032170104247081e+00
7.782390841581448004e-01 7.790959485912434257e-01
-1.414230779689494399e+00 -1.414265817211845855e+00
1.547530673416270375e+00 1.547051842283542422e+00
-1.337361778033596238e+00 -1.336654734665759792e+00
-2.140086091547524383e+00 -2.140901676198626369e+00
-1.446974216976182614e-01 -1.446648210972855120e-01
7.043744712593411061e-02 7.042177558728840436e-02
2.107279174546679457e+00 2.109183716185182966e+00
-4.339618231755329347e+00 -4.341446109034578171e+00
2.409084837385795652e-01 2.410787259900609714e-01
3.944750914011951326e-01 3.951181250897883857e-01
-2.515197815645974888e+00 -2.516666014326339962e+00
-4.054521159764515326e-02 -4.073672669779161704e-02
6.953814707187277122e+00 6.961240444485778944e+00
-1.012456247624494043e+00 -1.013046213263294915e+00
7.652055301278614108e-01 7.658974357673311584e-01
-1.563750366091178901e+00 -1.563412634551258451e+00
-3.602271239350587906e-01 -3.603514644724161164e-01
-1.104902370526319011e+00 -1.104974855413250134e+00
9.761878569166940744e-01 9.763593114198667600e-01
-2.773109203154350832e-01 -2.780238950694781663e-01
6.082417203093716529e-02 6.083485312900456521e-02
1.231528441907578653e-01 1.232013785525186284e-01
1.600411001867338978e+00 1.602443832085056030e+00
-6.605643089773183263e-04 -7.705487136815802190e-04
9.971817761106466227e-02 9.984483584286944768e-02
-9.844242796413307239e-01 -9.848122702739857681e-01
5.023730686528953271e+00 5.026284158875066410e+00
-5.286434628788346801e-01 -5.289777796113133146e-01
-1.056952525833394940e+00 -1.057545844300942006e+00
2.901225754306637761e-01 2.902916339016761715e-01
-6.585644535968673829e-02 -6.589341174093764353e-02
4.225720189827741002e+00 4.228392686705679360e+00
9.488899770874790196e-01 9.493722511647465501e-01
9.642331774165462110e-02 9.639347984648131973e-02
-1.446974216976182614e-01 -1.446648210972858450e-01
-1.333441751718193458e-01 -1.333949884144394471e-01
9.759206484769491485e-01 9.761065764078969975e-01
-1.895835288606473990e+00 -1.896863817296926324e+00
2.409084837385796207e-01 2.410787259900618040e-01
-2.703923061597792166e-01 -2.705061889836763989e-01
-1.744132656372840762e+00 -1.744949902227743266e+00
-2.131417755713101436e-01 -2.132302511229294539e-01
1.807465194872988345e-01 1.811044970722018588e-01
3.743968896797635004e+00 3.746324824006511012e+00
7.652055301278610777e-01 7.658974357685809364e-01
-6.308397768214055179e-02 -6.312073524056373286e-02
-5.279551200414127621e+00 -5.283187359454632137e+00
3.712578170151683565e-01 3.715750714194086535e-01
-1.809083874560964755e+00 -1.811471227391904026e+00
-1.121251521946534657e-01 -1.120994546396239105e-01
7.531122758045637189e-02 7.528525115788492483e-02
-2.102401651076691025e-01 -2.102311891330068960e-01
-1.136221126319926666e+00 -1.136493452787416203e+00
9.945084312840297702e-01 9.952559994622759421e-01
3.640867868281067454e-01 3.642053752361756880e-01
-8.292838118564023475e-03 -8.304559709469248527e-03
-2.739040216007665229e+00 -2.740262171118044598e+00
4.429131911970096702e-02 4.433307322400597411e-02
2.848718960139999257e-01 2.849666725552639779e-01
5.615595932455686778e+00 5.620682111805743730e+00
-1.846078883820188032e-01 -1.845845547330356717e-01
7.295558404538857178e-02 7.314019635849461354e-02
1.405555071651034549e+00 1.406032170104247081e+00
7.782390841580206775e-01 7.790959485912434257e-01
-1.414230779688783635e+00 -1.414265817211845855e+00
-3.925237527703326346e-02 -3.928236701380808521e-02
1.260598351742834855e-01 1.261753240097811535e-01
9.929538568226467521e-02 9.933571239825222943e-02
-3.932566136687026259e-01 -3.935955058166975551e-01
1.633122779354356124e+00 1.634434374497268028e+00
-3.690831110435199292e-01 -3.692834779587743643e-01
-1.339591891260706602e-02 -1.330832170956250393e-02
1.286949339393004044e+00 1.287594497026261164e+00
3.454620092251743380e-01 3.457899930729718685e-01
-1.005273470745585263e+00 -1.006075636290719721e+00
-5.663807554204911554e+00 -5.667016344977418463e+00
7.829946483239787203e-02 7.830130373168772695e-02
-1.743213022124395217e-01 -1.745355064502217002e-01
-4.027663005229144000e-01 -4.029030172881064575e-01
-1.140674551297710115e+00 -1.141431615216740525e+00
4.544341243396672780e+00 4.547484334652520666e+00
-2.770231331216599924e-01 -2.771071383661302678e-01
1.359923857576635919e-01 1.361230163374942403e-01
-7.787675957478930044e-01 -7.792285948956552133e-01
-1.342564824350492847e-01 -1.342822048951210767e-01
3.130675696402813180e-01 3.132431169267496096e-01
1.917913616248972719e+00 1.919496477502768306e+00
7.354460638391521199e-01 7.357719755829499331e-01
-2.259946327474914307e-01 -2.260497936140901110e-01
-1.502461415161623570e+00 -1.503111941101453297e+00
4.269763717745196807e+00 4.272646251147421026e+00
7.147377090382970311e-01 7.153097363310950696e-01
-1.439605794416199291e+00 -1.440083691296968560e+00
5.331775222088745103e+00 5.335465993481226299e+00
8.757712244760519626e-02 8.760685198231275839e-02
-3.128758741285155584e-04 3.078092573895230321e-04
6.228259669076533500e-01 6.233637753664817982e-01
2.060874380157600161e+00 2.060214248140086468e+00
-1.834870139460073490e+00 -1.833865520388102244e+00
-3.186432738037112244e+00 -3.187494730369071938e+00
-4.088232975337598440e-01 -4.087673181941112732e-01
5.834307228269942636e-01 5.835525435705055664e-01
3.660130078768715212e+00 3.662932782006929067e+00
-3.703476774555742423e+00 -3.704996039809512531e+00
8.160329139264377307e-01 8.164651079264464428e-01
-9.562359384363734449e-01 -9.558950815072911888e-01
1.192752243823387959e+00 1.194586108873016084e+00
-1.377877697271906010e+00 -1.379130769816338642e+00
4.524006617578874234e+00 4.530367766669969321e+00
-3.503513683777998988e+00 -3.504603389577641170e+00
1.256914900471840291e+00 1.258106808603244087e+00
2.255667910561534040e+00 2.259101316835437689e+00
5.969293906849476583e-01 5.979521478635636544e-01
-1.642291437295412049e+00 -1.642435704200385427e+00
1.768592689628780690e+00 1.769100159211272061e+00
5.925252378585643687e-01 5.920524952352159698e-01
3.717595410090154817e-01 3.719054434666139164e-01
-7.325582102952479246e-01 -7.331101495568783655e-01
-8.239999167916787215e-01 -8.232820276198963283e-01
-1.925417031869224305e+00 -1.926253110694817083e+00
-1.731283272319193711e-01 -1.730727714798108163e-01
1.174536586091142976e+00 1.175657286737592511e+00
-2.020450008579051548e+00 -2.022952244402055566e+00
4.033235679239521310e-01 4.036727778143866519e-01
5.196513770131504728e+00 5.199158967007747378e+00
-2.773679472034165094e+00 -2.776136478631373805e+00
5.574946689036410774e-01 5.576646466112904488e-01
-6.463688530382121211e-01 -6.473527108879043590e-01
-1.205836420563402012e+00 -1.207160150914596830e+00
3.811653354965571783e-02 3.804677550208553777e-02
1.656629366873529907e-02 1.675700230452047135e-02
-5.887421553834375904e-02 -5.886470134352091849e-02
3.769050848179485436e-01 3.766170830973976091e-01
2.373297106821497804e-01 2.380689385820280168e-01
-3.344250260725392665e-02 -3.347016037272142197e-02
1.277653958962296221e-01 1.279457544258297830e-01
-7.520126299944670523e-01 -7.522487579401844204e-01
-5.979722087712158879e-02 -5.955977088635148325e-02
1.919923741520032645e-01 1.923248069941353999e-01
-5.631134710329865900e-01 -5.626369075989091639e-01
-4.330835927467096003e-01 -4.332990584890761832e-01
-6.869881737406857702e-01 -6.873522723737163220e-01
1.271189564799209415e-01 1.266259220833828580e-01
1.405458304613673992e-01 1.407597543316189415e-01
1.958367229143266330e+00 1.958763411023774825e+00
-5.497506653687597167e-01 -5.495742310848360512e-01
4.902290460679901707e-01 4.899601428710664841e-01
-3.710337322525206205e-01 -3.709697244697599539e-01
-5.525399979381719007e+00 -5.526422067526687520e+00
6.346890668185260154e+00 6.350583064335589611e+00
4.269109393629306193e-01 4.269698746368812414e-01
-8.555997629477566369e-01 -8.560889340601010034e-01
-4.813586000817877242e+00 -4.815934054422271515e+00
1.323468795327160219e+00 1.323894064360371159e+00
-2.102889723243229092e+00 -2.105562219370278765e+00
6.540115089819658500e+00 6.548081860120621656e+00
1.081214666284993076e+00 1.082317085641964827e+00
-1.011518998861659302e+00 -1.012152095173164179e+00
-3.516950919369562278e+00 -3.518577395947657394e+00
1.363461461244671824e+00 1.365066265528219525e+00
2.507418610835775219e+00 2.514390967984438063e+00
1.022403997593298031e-01 1.021723152432670867e-01
-1.105368721682112587e-01 -1.103903598782151746e-01
-1.580428152838779243e-01 -1.580775964060688876e-01
1.026506547078452680e+00 1.026476487382968594e+00
-1.426923107229586929e+00 -1.427308681246429956e+00
2.203550637136391099e-01 2.204918864115388843e-01
-6.323228954955870118e-02 -6.317967074935766647e-02
-2.049390978920633266e+00 -2.050267227227583255e+00
-2.728248286944740530e-01 -2.727715935062917096e-01
5.306357472436409317e-01 5.313407006797100651e-01
3.370502439006290096e+00 3.373210076831932192e+00
1.101303630510547804e-01 1.103915607574410956e-01
-5.558117389744040571e-01 -5.560769644880630969e-01
-3.131295358397629514e+00 -3.133962328079993309e+00
6.440801529251811708e-01 6.446509434002893890e-01
-7.185088212604489044e-01 -7.205067772865058062e-01
-1.564635051555865131e+00 -1.565109227634194022e+00
1.684622235819159597e+00 1.685883882601737715e+00
-1.055779375933713515e+00 -1.056469001092793292e+00
-1.011144047282697134e-01 -1.008758434420312100e-01
-6.110861109898689525e-02 -6.163583686557554814e-02
1.467276025590416921e+00 1.469143236404487629e+00
8.925660020900464398e-01 8.932914675747523070e-01
-8.805435712996886877e-02 -8.790704071549031162e-02
-1.781792623144513366e+00 -1.781062131129094839e+00
3.914637610895884912e+00 3.917893250740296818e+00
-6.367464121728265425e-02 -6.355266929416485133e-02
1.545728208856090413e+00 1.545882255090048174e+00
1.723613315216689923e+00 1.725953476402532161e+00
-9.300773241686253190e-01 -9.307186621049250430e-01
-1.836219479014248090e+00 -1.836451946922825318e+00
1.562318767422077315e-01 1.566663132825619198e-01
